44633
16577
106
79844
56532
78341
54640
26210
38248
38232
17288
62564
3926
44055
45033
38193
13214
16577
95757
37605
20472
35318
71687
65553
74575
53179
50753
49614
4215
92675
68366
51275
42683
70098
26323
90991
70282
58947
42266
8510
7816
6206
45662
40130
53270
58332
74032
49337
3390
54985
18873
702
80949
28715
20180
45033
85733
54985
55703
51195
29379
87602
70272
70585
83993
49090
39871
87444
63820
27739
70456
6803
5690
38168
23785
32045
94155
22892
84388
12171
94155
88355
49475
30003
87381
69630
75174
77703
21308
74713
9632
7885
32045
6192
46959
21864
63303
10992
71642
43542
66653
63029
59604
20928
1827
15672
57149
47025
36609
87943
12873
47
87089
57184
2284
14543
51130
97015
73609
94411
44161
37710
30033
72684
85733
56781
16993
24074
52189
50811
30799
58763
7597
90471
65907
58262
11719
56115
5605
96176
95202
45010
87654
82355
47387
19041
65135
22922
10471
37842
3704
697
29483
49196
83639
26210
95784
11155
50911
48303
99465
72769
66076
4817
64526
66889
34938
4671
47332
59870
15854
67803
24881
18745
41323
47012
50369
54031
5001
8223
25321
34881
74575
48577
86012
13858
74626
8210
4095
52981
3502
83623
44200
54442
17638
71430
6873
66370
39990
44963
13375
47387
10867
18554
44576
49623
16529
27114
34127
7980
48774
39683
51136
42911
9255
76835
43542
6864
71190
23278
68082
23632
17703
92582
38553
7829
33040
95136
96176
42195
70017
63415
73464
47337
87681
65608
2610
81406
13229
35085
54360
82526
15894
93196
15648
99885
27481
89763
45096
2138
94853
88917
88442
14461
22299
65608
34412
29829
69630
50660
52524
7389
30589
39127
52981
79569
32561
43752
67744
93645
74505
86679
71430
54442
93627
21412
5398
34789
2610
54892
29148
56532
73060
34507
20154
70115
81176
4355
41355
72952
27286
83295
97725
71495
78826
51881
15993
431
29105
39871
14086
42559
96551
63719
17828
37021
31455
74626
83623
40386
68377
16548
3119
11313
41554
69730
94780
27047
46270
52908
14004
17607
58794
15993
42236
56889
46254
16399
72460
9626
72684
83671
97533
29105
59133
26915
56445
70476
88510
45019
86825
74736
40676
32561
7021
17703
98791
78163
20038
55151
30820
82063
4330
90177
75361
91198
23883
72074
48468
75753
99368
56017
56115
75158
19884
41348
56710
94433
74007
47859
51431
64852
14086
89780
67567
70114
25599
4923
10992
84752
93555
54031
4923
47552
22023
60740
561
37605
46723
49693
98699
52214
17660
56936
26644
67778
62512
14004
11428
5785
72074
88442
17073
42581
96551
86745
61512
1437
2754
20154
25599
4174
88142
98521
2971
50119
23632
98129
2784
45293
84783
34955
59702
71251
50780
20166
68272
17638
92675
71392
23883
34881
2250
46875
56965
52214
66653
87325
66856
76628
89005
50763
71326
17754
44331
91972
44670
13229
33602
65118
60307
95136
5601
14775
1682
57570
57603
83219
63303
24768
72641
5753
96790
95950
24641
17703
34077
44715
40817
3502
92504
73052
57796
61262
62281
4923
13734
6111
70456
32135
65072
59133
23632
95663
48202
51602
70305
94073
75127
16033
58858
44195
40824
61645
44267
12873
55151
79956
52523
11756
83203
90502
40425
47387
60393
94322
32726
57608
18554
9065
18249
37710
86239
41554
78309
66362
63719
92675
88501
25984
38248
41088
57603
83724
63717
87304
17052
31882
91187
49493
90502
20786
42580
10849
77241
72460
22023
30733
40053
58849
68238
68238
13713
81971
56388
14844
71430
106
66653
87240
97533
47428
35643
94390
11835
84284
78657
57149
38785
61645
82251
74032
86535
37923
54442
54534
219
33404
17876
82575
90177
44055
26210
86256
98411
10977
35643
12265
69182
52523
11638
6206
16513
47271
69730
97172
14993
5785
25124
67466
19884
45815
77703
35449
54892
23682
23567
69999
5894
93211
87708
56388
23785
87618
21467
29479
27783
14238
79569
7389
16513
60469
78309
76835
55221
37590
3820
99368
52198
38193
47552
72112
51207
90607
14117
87656
54685
71750
4817
24370
54685
10828
40817
73763
48299
31630
4355
68783
84693
72326
28715
8884
16033
99361
89780
42575
35161
4233
70115
96487
48299
78801
8207
33667
17342
41355
1645
4215
16167
8607
53378
84783
47910
60463
13229
85654
87240
42213
37133
12171
80559
40386
14117
47025
10992
702
80329
33209
380
3700
41323
21597
55703
86012
13291
30733
42683
54302
39821
2138
13229
85975
8468
19155
61933
65515
53838
75798
1701
64852
30799
27294
83729
11555
31345
84752
16529
63434
76036
72074
46144
5690
28949
37848
26995
27783
60463
57583
95843
88510
42559
6393
29380
70229
78329
43227
65599
46127
49885
8468
52308
84601
43389
34854
85975
76036
98851
94853
83135
53041
99838
24781
52524
561
73705
77241
42709
13291
68251
25834
65701
34797
54640
17494
4671
34327
9779
63029
9646
96133
37605
79259
34675
58794
22040
53838
4671
54685
73527
37842
40130
12160
9065
97725
1331
54442
16535
10534
87656
44756
12434
2702
62281
26048
83639
83243
4233
37035
81176
57608
27286
26644
8134
71642
45947
83373
71392
91922
5485
32314
6764
12434
63303
11484
68251
60307
48202
58291
56921
44633
61066
10273
79358
3124
54274
84601
20472
7829
17342
66209
46
59980
83724
47047
55165
17342
7492
57104
10102
67987
9607
18006
71030
34777
30269
65669
75158
74911
54925
45815
70272
7443
65118
16399
83772
51021
9159
98129
90177
56647
70114
7198
75127
79811
94673
1123
50627
65599
59604
52189
5583
52189
79259
79922
66920
42195
43887
64648
16034
69999
1123
83135
52308
55408
70138
30798
46539
72577
37341
18249
22023
7829
37758
25436
96133
51275
84388
42581
25489
65208
26149
11835
50753
25228
86012
10534
4079
64812
21150
74505
42575
59980
58763
17638
55965
21478
67208
11428
5640
55098
88027
24118
78992
45857
21749
65208
59814
25255
48468
53179
62344
22040
58028
50890
43897
8185
28337
91597
782
30033
94390
3404
33040
83203
6764
46270
27968
5583
87615
8421
75798
12159
76805
71642
48366
48202
2284
8607
25450
65667
56232
54274
34881
15992
93645
18636
18426
46
1251
35619
42025
60307
34127
31808
4330
82526
22303
61021
28390
1701
87666
27047
12159
58383
18426
12080
27789
865
59814
44267
95515
44195
78186
42709
37368
36048
68856
74626
68082
88313
13531
19191
16577
73274
14993
47647
69085
20166
62512
56889
